PreprocessorDefinitions=CONTENT_BOX_VISIBLE=0,CONTENT_WIDTH=1440.0
Techniques=CRT_Royale@crt-royale.fx

[crt-royale.fx]
aa_subpixel_r_offset_runtime=-0.333333,0.000000
basic_setup_help=0
beam_shape_mode=1
bloom_excess=0.050000
bloom_underestimate_levels=0.800000
blur_radius=1.000000
border_compress=2.500000
border_darkness=2.000000
border_size=0.015000
content_box_help=0
convergence_offset_x=0.000000,0.000000,0.000000
convergence_offset_y=0.000000,0.000000,0.000000
crt_gamma=2.500000
deinterlacing_blend_gamma=0.750000
diffusion_weight=0.060000
enable_interlacing=1
gaussian_beam_max_shape=4.000000
gaussian_beam_max_sigma=0.300000
gaussian_beam_min_shape=2.000000
gaussian_beam_min_sigma=0.020000
gaussian_beam_shape_power=0.250000
gaussian_beam_spot_power=0.333333
geom_aspect_ratio=1.313070,1.000000
geom_mode_runtime=0
geom_overscan=1.000000,1.000000
geom_radius=2.000000
geom_rotation_mode=0
geom_tilt_angle=0.000000,0.000000
geom_view_dist=2.000000
halation_weight=0.020000
interlace_back_field_first=0
lcd_gamma=2.200000
levels_contrast=1.240000
linear_beam_thickness=1.000000
mask_num_triads_across=480.000000
mask_size_param=0
mask_triad_width=2.999999
mask_type=0
phosphor_offset_x=-0.070000,0.180000,0.130000
phosphor_offset_y=0.000000,0.000000,0.000000
phosphor_sharpness=50.000000,50.000000
phosphor_thickness=0.200000,0.200000
preblur_effect_radius=0.000000,0.000000
preblur_sampling_radius=0,0
scale_triad_height=1.000000
scanline_deinterlacing_mode=2
scanline_offset=0.000000
scanline_thickness=2
version_2_1_0=0

